1 | 20202 | 2020/2021 | 2 | 2
3 | 20211 | 2021/2022 | 1 | 2
6 | 20212 | 2021/2022 | 2 | 2
7 | 20201 | 2020/2021 | 1 | 2
8 | 20191 | 2019/2020 | 1 | 2
9 | 20192 | 2019/2020 | 2 | 2
10 | 20221 | 2022/2023 | 1 | 2
11 | 20222 | 2022/2023 | 2 | 2
12 | 20231 | 2023/2024 | 1 | 2
13 | 20232 | 2023/2024 | 2 | 2
15 | 20241 | 2024/2025 | 1 | 2
16 | 20242 | 2024/2025 | 2 | 2
17 | 20251 | 2025/2026 | 1 | 2
18 | 20241 | 2024/2025 | 1 | 2
19 | 20242 | 2024/2025 | 2 | 2
20 | 20251 | 2025/2026 | 1 | 2
21 | 20252 | 2025/2026 | 2 | 2
22 | 20252 | 2025/2026 | 2 | 2
24 | 20261 | 2026/2027 | 1 | 2
